input=[1.05	2.08	2.26	3.79
1.72	0.63	0.74	3.95
1.68	0.9	2.06	3.49
0.89	0.9	0.69	3.23
0.64	0.19	1.44	2.76
1.75	0.26	2.22	3.65
0.79	0.12	2.26	2.34
1.06	0.09	2.25	2.94
0.75	1.02	2.07	2.34
0.57	1.91	1	3.14
1.54	0.8	1.91	2.25
1.67	0.14	2.01	2.51
0.6	2.37	2.08	3.92
0.71	1.99	1.84	3.62
0.94	1.44	0.76	3.02
1.5	1.25	1.51	2.44
1.38	0.32	1.25	3.03
0.93	0.76	1.51	2.45
1.88	1.54	1.99	2.98
1.76	0.08	1.41	3.53
1.26	0	0.81	3.57
1.67	0.5	1.03	3.28
0.98	1.82	0.74	3.65
1.55	0.45	1.32	2.25
1.18	0.88	1.21	3.16
0.99	1.59	1.39	2.19
1.22	2.19	1.64	2.47
1.26	0.77	2.3	2.19
1.88	1.14	1.28	2.25
0.86	2.22	1.51	3.31
1.74	1.58	2.01	2.51
0.56	0.52	0.91	2.76
2	0.73	2.19	3.72
0.75	0.42	1.12	3.13
1.94	1.38	0.97	3.29
1.82	0.21	1.54	3.34
0.53	1.85	0.64	2.41
1.51	0.09	0.88	3.37
1.13	0.85	0.57	2.16
0.5	1.42	1.52	2.82
1.46	0.39	1.45	2.89
1.56	1.65	0.66	2.72
1.81	2.2	1.02	3.54
1.72	1.69	0.59	3.73
1.76	1.24	1.49	2.53
1.57	2.08	1.31	3.71
1.38	0.38	1.56	3.74
1.62	2.09	1.52	3.86
1.01	2.35	1.84	3.4
1.09	1.35	1.59	2.52
0.59	2.39	1.77	3.88
0.55	0.67	1.56	2.13
1.58	1.15	1.95	3.62
1.89	1.34	1.31	3.19
1.96	0.31	0.65	2.55
1.36	1.2	1.76	2.53
0.91	0.14	1.12	3.22
1.06	2.14	1.62	3.75
1.34	0.74	2.23	2.49
0.86	2.02	0.84	2.96
1.75	0.8	2.02	2.77
1.72	1.78	0.99	2.13
0.56	1.84	1.79	3.63
0.5	0.41	0.74	3.34
1.04	1.11	0.87	3.52
1.19	0.12	2.13	3.22
1.9	0.45	1.15	3.29
0.81	0.42	1.73	2.34
1.47	2.15	0.73	3.78
1.3	1.67	1.73	2.78
1.31	1.25	0.81	3.87
0.52	0.91	2.13	2.92
1.56	1.71	0.95	3.97
1.72	0.28	0.98	2.54
1.94	1.04	0.54	2.42
0.91	0.84	0.55	3.13
1.02	1.36	2.21	3.97
0.67	1.4	1.04	3.87
0.72	2.18	1.57	2.88
1.09	0.09	1.3	2.75
1.69	1.3	1.89	2.69
1.81	0.39	2.2	3.12
0.58	0.96	2.07	3.73
1.93	0.52	2.17	3.8
0.92	2.24	1.93	2.96
0.96	0.49	1.97	2.48
1.92	1.05	1.8	3.38
0.84	1.06	1.1	3.95
1.55	0.1	0.71	2.9
0.69	2.1	0.58	2.81
1.71	2.23	1.79	2.07
1.59	0.93	1.88	2.83
0.5	0.61	1.93	2.85
0.84	1.71	1.54	2.12
0.56	2.08	1.07	3.19
0.88	1.3	1.32	2.48
1.86	2.19	1.2	3.98
0.92	0.38	1.15	2.86
0.8	2.21	1.9	2.75
1.78	2.32	1.75	3.43];
output=[6.00999
3.91218
6.82531
3.89595
3.68143
7.29337
6.2817
5.00622
6.23664
4.06937
6.21116
5.64029
5.50805
4.31938
3.70368
4.90501
4.65164
4.85704
7.04841
4.9313
3.67458
4.53469
4.31532
5.14751
4.52227
4.59417
5.09925
6.80556
5.44015
3.97852
5.42915
3.72662
7.37369
3.93951
4.78502
6.03192
4.17206
4.22634
3.67645
3.69429
5.36307
4.20779
4.96143
4.04688
5.63424
4.94539
4.83045
5.22471
4.84058
5.19914
4.74816
5.45564
5.9762
5.41912
4.66766
5.51077
3.28526
4.30838
6.91022
3.65617
6.4776
4.91906
4.05633
4.46349
3.34209
4.81087
4.6397
4.75412
3.94162
5.25013
3.6954
6.25519
4.53625
4.57895
4.20399
3.63102
3.84079
3.91265
4.03871
3.97534
6.4787
6.73769
5.54135
6.92905
5.33585
6.3815
6.73369
3.61453
3.93525
4.22973
7.17721
5.94752
5.60163
4.63956
4.0621
4.44265
5.14281
3.71711
5.25404
6.25707]
save data